Year,UNIT_MEASURE,AGE,SEX,Value
2013,NUMBER,_T,_T,1171179
2013,NUMBER,0,_T,10035
2013,NUMBER,1,_T,10460
2013,NUMBER,2,_T,10707
2013,NUMBER,3,_T,11154
2013,NUMBER,4,_T,11207
2013,NUMBER,5,_T,10904
2013,NUMBER,6,_T,10712
2013,NUMBER,7,_T,10729
2013,NUMBER,8,_T,10825
2013,NUMBER,9,_T,10872
2013,NUMBER,10,_T,10950
2013,NUMBER,11,_T,11305
2013,NUMBER,12,_T,11677
2013,NUMBER,13,_T,11767
2013,NUMBER,14,_T,12325
2013,NUMBER,15,_T,13695
2013,NUMBER,16,_T,14433
2013,NUMBER,17,_T,14549
2013,NUMBER,18,_T,14443
2013,NUMBER,19,_T,12849
2013,NUMBER,20,_T,11748
2013,NUMBER,21,_T,12894
2013,NUMBER,22,_T,13784
2013,NUMBER,23,_T,13816
2013,NUMBER,24,_T,14399
2013,NUMBER,25,_T,14874
2013,NUMBER,26,_T,15022
2013,NUMBER,27,_T,15316
2013,NUMBER,28,_T,15736
2013,NUMBER,29,_T,16122
2013,NUMBER,30,_T,16245
2013,NUMBER,31,_T,16150
2013,NUMBER,32,_T,16154
2013,NUMBER,33,_T,16059
2013,NUMBER,34,_T,15952
2013,NUMBER,35,_T,16067
2013,NUMBER,36,_T,16490
2013,NUMBER,37,_T,16505
2013,NUMBER,38,_T,15883
2013,NUMBER,39,_T,15576
2013,NUMBER,40,_T,15687
2013,NUMBER,41,_T,15580
2013,NUMBER,42,_T,14799
2013,NUMBER,43,_T,14656
2013,NUMBER,44,_T,15244
2013,NUMBER,45,_T,15787
2013,NUMBER,46,_T,16438
2013,NUMBER,47,_T,17122
2013,NUMBER,48,_T,17121
2013,NUMBER,49,_T,17051
2013,NUMBER,50,_T,17800
2013,NUMBER,51,_T,18263
2013,NUMBER,52,_T,18454
2013,NUMBER,53,_T,18646
2013,NUMBER,54,_T,18845
2013,NUMBER,55,_T,18214
2013,NUMBER,56,_T,18247
2013,NUMBER,57,_T,18979
2013,NUMBER,58,_T,19517
2013,NUMBER,59,_T,19455
2013,NUMBER,60,_T,19218
2013,NUMBER,61,_T,17671
2013,NUMBER,62,_T,16334
2013,NUMBER,63,_T,16819
2013,NUMBER,64,_T,15731
2013,NUMBER,65,_T,14644
2013,NUMBER,66,_T,13862
2013,NUMBER,67,_T,11451
2013,NUMBER,68,_T,9678
2013,NUMBER,69,_T,9674
2013,NUMBER,70,_T,9865
2013,NUMBER,71,_T,10664
2013,NUMBER,72,_T,11907
2013,NUMBER,73,_T,12099
2013,NUMBER,74,_T,11550
2013,NUMBER,75,_T,11114
2013,NUMBER,76,_T,10488
2013,NUMBER,77,_T,9532
2013,NUMBER,78,_T,8577
2013,NUMBER,79,_T,7666
2013,NUMBER,80,_T,6723
2013,NUMBER,81,_T,5590
2013,NUMBER,82,_T,4991
2013,NUMBER,83,_T,4376
2013,NUMBER,84,_T,3690
2013,NUMBER,85,_T,2964
2013,NUMBER,86,_T,2133
2013,NUMBER,87,_T,1651
2013,NUMBER,88,_T,1215
2013,NUMBER,89,_T,906
2013,NUMBER,90 +,_T,2101
2013,NUMBER,_T,M,572298
2013,NUMBER,0,M,5127
2013,NUMBER,1,M,5347
2013,NUMBER,2,M,5471
2013,NUMBER,3,M,5746
2013,NUMBER,4,M,5808
2013,NUMBER,5,M,5578
2013,NUMBER,6,M,5440
2013,NUMBER,7,M,5475
2013,NUMBER,8,M,5591
2013,NUMBER,9,M,5597
2013,NUMBER,10,M,5627
2013,NUMBER,11,M,5859
2013,NUMBER,12,M,6005
2013,NUMBER,13,M,6009
2013,NUMBER,14,M,6326
2013,NUMBER,15,M,7059
2013,NUMBER,16,M,7432
2013,NUMBER,17,M,7426
2013,NUMBER,18,M,7432
2013,NUMBER,19,M,6732
2013,NUMBER,20,M,6197
2013,NUMBER,21,M,6738
2013,NUMBER,22,M,7149
2013,NUMBER,23,M,7113
2013,NUMBER,24,M,7396
2013,NUMBER,25,M,7599
2013,NUMBER,26,M,7570
2013,NUMBER,27,M,7778
2013,NUMBER,28,M,8092
2013,NUMBER,29,M,8259
2013,NUMBER,30,M,8261
2013,NUMBER,31,M,8173
2013,NUMBER,32,M,8182
2013,NUMBER,33,M,8126
2013,NUMBER,34,M,8135
2013,NUMBER,35,M,8211
2013,NUMBER,36,M,8425
2013,NUMBER,37,M,8451
2013,NUMBER,38,M,8156
2013,NUMBER,39,M,8010
2013,NUMBER,40,M,8064
2013,NUMBER,41,M,7992
2013,NUMBER,42,M,7520
2013,NUMBER,43,M,7500
2013,NUMBER,44,M,7739
2013,NUMBER,45,M,7938
2013,NUMBER,46,M,8276
2013,NUMBER,47,M,8582
2013,NUMBER,48,M,8536
2013,NUMBER,49,M,8423
2013,NUMBER,50,M,8766
2013,NUMBER,51,M,9009
2013,NUMBER,52,M,9096
2013,NUMBER,53,M,9138
2013,NUMBER,54,M,9152
2013,NUMBER,55,M,8816
2013,NUMBER,56,M,8825
2013,NUMBER,57,M,9211
2013,NUMBER,58,M,9477
2013,NUMBER,59,M,9421
2013,NUMBER,60,M,9222
2013,NUMBER,61,M,8446
2013,NUMBER,62,M,7770
2013,NUMBER,63,M,7930
2013,NUMBER,64,M,7355
2013,NUMBER,65,M,6723
2013,NUMBER,66,M,6360
2013,NUMBER,67,M,5187
2013,NUMBER,68,M,4335
2013,NUMBER,69,M,4235
2013,NUMBER,70,M,4261
2013,NUMBER,71,M,4639
2013,NUMBER,72,M,5129
2013,NUMBER,73,M,5138
2013,NUMBER,74,M,4872
2013,NUMBER,75,M,4611
2013,NUMBER,76,M,4275
2013,NUMBER,77,M,3783
2013,NUMBER,78,M,3338
2013,NUMBER,79,M,2933
2013,NUMBER,80,M,2553
2013,NUMBER,81,M,2110
2013,NUMBER,82,M,1868
2013,NUMBER,83,M,1633
2013,NUMBER,84,M,1409
2013,NUMBER,85,M,1096
2013,NUMBER,86,M,694
2013,NUMBER,87,M,527
2013,NUMBER,88,M,383
2013,NUMBER,89,M,277
2013,NUMBER,90 +,M,617
2013,NUMBER,_T,F,598881
2013,NUMBER,0,F,4908
2013,NUMBER,1,F,5113
2013,NUMBER,2,F,5236
2013,NUMBER,3,F,5408
2013,NUMBER,4,F,5399
2013,NUMBER,5,F,5326
2013,NUMBER,6,F,5272
2013,NUMBER,7,F,5254
2013,NUMBER,8,F,5234
2013,NUMBER,9,F,5275
2013,NUMBER,10,F,5323
2013,NUMBER,11,F,5446
2013,NUMBER,12,F,5672
2013,NUMBER,13,F,5758
2013,NUMBER,14,F,5999
2013,NUMBER,15,F,6636
2013,NUMBER,16,F,7001
2013,NUMBER,17,F,7123
2013,NUMBER,18,F,7011
2013,NUMBER,19,F,6117
2013,NUMBER,20,F,5551
2013,NUMBER,21,F,6156
2013,NUMBER,22,F,6635
2013,NUMBER,23,F,6703
2013,NUMBER,24,F,7003
2013,NUMBER,25,F,7275
2013,NUMBER,26,F,7452
2013,NUMBER,27,F,7538
2013,NUMBER,28,F,7644
2013,NUMBER,29,F,7863
2013,NUMBER,30,F,7984
2013,NUMBER,31,F,7977
2013,NUMBER,32,F,7972
2013,NUMBER,33,F,7933
2013,NUMBER,34,F,7817
2013,NUMBER,35,F,7856
2013,NUMBER,36,F,8065
2013,NUMBER,37,F,8054
2013,NUMBER,38,F,7727
2013,NUMBER,39,F,7566
2013,NUMBER,40,F,7623
2013,NUMBER,41,F,7588
2013,NUMBER,42,F,7279
2013,NUMBER,43,F,7156
2013,NUMBER,44,F,7505
2013,NUMBER,45,F,7849
2013,NUMBER,46,F,8162
2013,NUMBER,47,F,8540
2013,NUMBER,48,F,8585
2013,NUMBER,49,F,8628
2013,NUMBER,50,F,9034
2013,NUMBER,51,F,9254
2013,NUMBER,52,F,9358
2013,NUMBER,53,F,9508
2013,NUMBER,54,F,9693
2013,NUMBER,55,F,9398
2013,NUMBER,56,F,9422
2013,NUMBER,57,F,9768
2013,NUMBER,58,F,10040
2013,NUMBER,59,F,10034
2013,NUMBER,60,F,9996
2013,NUMBER,61,F,9225
2013,NUMBER,62,F,8564
2013,NUMBER,63,F,8889
2013,NUMBER,64,F,8376
2013,NUMBER,65,F,7921
2013,NUMBER,66,F,7502
2013,NUMBER,67,F,6264
2013,NUMBER,68,F,5343
2013,NUMBER,69,F,5439
2013,NUMBER,70,F,5604
2013,NUMBER,71,F,6025
2013,NUMBER,72,F,6778
2013,NUMBER,73,F,6961
2013,NUMBER,74,F,6678
2013,NUMBER,75,F,6503
2013,NUMBER,76,F,6213
2013,NUMBER,77,F,5749
2013,NUMBER,78,F,5239
2013,NUMBER,79,F,4733
2013,NUMBER,80,F,4170
2013,NUMBER,81,F,3480
2013,NUMBER,82,F,3123
2013,NUMBER,83,F,2743
2013,NUMBER,84,F,2281
2013,NUMBER,85,F,1868
2013,NUMBER,86,F,1439
2013,NUMBER,87,F,1124
2013,NUMBER,88,F,832
2013,NUMBER,89,F,629
2013,NUMBER,90 +,F,1484
2014,NUMBER,_T,_T,1167082
2014,NUMBER,0,_T,9475
2014,NUMBER,1,_T,10043
2014,NUMBER,2,_T,10468
2014,NUMBER,3,_T,10700
2014,NUMBER,4,_T,11160
2014,NUMBER,5,_T,11209
2014,NUMBER,6,_T,10928
2014,NUMBER,7,_T,10722
2014,NUMBER,8,_T,10734
2014,NUMBER,9,_T,10824
2014,NUMBER,10,_T,10881
2014,NUMBER,11,_T,10955
2014,NUMBER,12,_T,11307
2014,NUMBER,13,_T,11679
2014,NUMBER,14,_T,11779
2014,NUMBER,15,_T,12325
2014,NUMBER,16,_T,13691
2014,NUMBER,17,_T,14443
2014,NUMBER,18,_T,14535
2014,NUMBER,19,_T,14438
2014,NUMBER,20,_T,12851
2014,NUMBER,21,_T,11738
2014,NUMBER,22,_T,12885
2014,NUMBER,23,_T,13776
2014,NUMBER,24,_T,13788
2014,NUMBER,25,_T,14388
2014,NUMBER,26,_T,14859
2014,NUMBER,27,_T,15012
2014,NUMBER,28,_T,15307
2014,NUMBER,29,_T,15730
2014,NUMBER,30,_T,16122
2014,NUMBER,31,_T,16231
2014,NUMBER,32,_T,16154
2014,NUMBER,33,_T,16155
2014,NUMBER,34,_T,16060
2014,NUMBER,35,_T,15958
2014,NUMBER,36,_T,16056
2014,NUMBER,37,_T,16474
2014,NUMBER,38,_T,16500
2014,NUMBER,39,_T,15864
2014,NUMBER,40,_T,15560
2014,NUMBER,41,_T,15677
2014,NUMBER,42,_T,15559
2014,NUMBER,43,_T,14777
2014,NUMBER,44,_T,14643
2014,NUMBER,45,_T,15227
2014,NUMBER,46,_T,15746
2014,NUMBER,47,_T,16401
2014,NUMBER,48,_T,17064
2014,NUMBER,49,_T,17077
2014,NUMBER,50,_T,16985
2014,NUMBER,51,_T,17725
2014,NUMBER,52,_T,18172
2014,NUMBER,53,_T,18356
2014,NUMBER,54,_T,18543
2014,NUMBER,55,_T,18759
2014,NUMBER,56,_T,18096
2014,NUMBER,57,_T,18085
2014,NUMBER,58,_T,18829
2014,NUMBER,59,_T,19354
2014,NUMBER,60,_T,19267
2014,NUMBER,61,_T,19012
2014,NUMBER,62,_T,17467
2014,NUMBER,63,_T,16135
2014,NUMBER,64,_T,16601
2014,NUMBER,65,_T,15478
2014,NUMBER,66,_T,14402
2014,NUMBER,67,_T,13632
2014,NUMBER,68,_T,11236
2014,NUMBER,69,_T,9434
2014,NUMBER,70,_T,9427
2014,NUMBER,71,_T,9608
2014,NUMBER,72,_T,10342
2014,NUMBER,73,_T,11488
2014,NUMBER,74,_T,11617
2014,NUMBER,75,_T,11033
2014,NUMBER,76,_T,10576
2014,NUMBER,77,_T,9940
2014,NUMBER,78,_T,8933
2014,NUMBER,79,_T,7983
2014,NUMBER,80,_T,7063
2014,NUMBER,81,_T,6128
2014,NUMBER,82,_T,5045
2014,NUMBER,83,_T,4428
2014,NUMBER,84,_T,3833
2014,NUMBER,85,_T,3189
2014,NUMBER,86,_T,2526
2014,NUMBER,87,_T,1804
2014,NUMBER,88,_T,1341
2014,NUMBER,89,_T,975
2014,NUMBER,90 +,_T,2300
2014,NUMBER,_T,M,570176
2014,NUMBER,0,M,4901
2014,NUMBER,1,M,5132
2014,NUMBER,2,M,5344
2014,NUMBER,3,M,5469
2014,NUMBER,4,M,5744
2014,NUMBER,5,M,5813
2014,NUMBER,6,M,5589
2014,NUMBER,7,M,5447
2014,NUMBER,8,M,5474
2014,NUMBER,9,M,5588
2014,NUMBER,10,M,5610
2014,NUMBER,11,M,5630
2014,NUMBER,12,M,5861
2014,NUMBER,13,M,6011
2014,NUMBER,14,M,6013
2014,NUMBER,15,M,6326
2014,NUMBER,16,M,7057
2014,NUMBER,17,M,7435
2014,NUMBER,18,M,7420
2014,NUMBER,19,M,7426
2014,NUMBER,20,M,6726
2014,NUMBER,21,M,6193
2014,NUMBER,22,M,6735
2014,NUMBER,23,M,7136
2014,NUMBER,24,M,7105
2014,NUMBER,25,M,7384
2014,NUMBER,26,M,7592
2014,NUMBER,27,M,7556
2014,NUMBER,28,M,7777
2014,NUMBER,29,M,8086
2014,NUMBER,30,M,8260
2014,NUMBER,31,M,8252
2014,NUMBER,32,M,8175
2014,NUMBER,33,M,8188
2014,NUMBER,34,M,8119
2014,NUMBER,35,M,8138
2014,NUMBER,36,M,8202
2014,NUMBER,37,M,8405
2014,NUMBER,38,M,8447
2014,NUMBER,39,M,8149
2014,NUMBER,40,M,8001
2014,NUMBER,41,M,8053
2014,NUMBER,42,M,7970
2014,NUMBER,43,M,7508
2014,NUMBER,44,M,7486
2014,NUMBER,45,M,7723
2014,NUMBER,46,M,7916
2014,NUMBER,47,M,8249
2014,NUMBER,48,M,8537
2014,NUMBER,49,M,8506
2014,NUMBER,50,M,8385
2014,NUMBER,51,M,8714
2014,NUMBER,52,M,8947
2014,NUMBER,53,M,9030
2014,NUMBER,54,M,9065
2014,NUMBER,55,M,9088
2014,NUMBER,56,M,8723
2014,NUMBER,57,M,8711
2014,NUMBER,58,M,9096
2014,NUMBER,59,M,9368
2014,NUMBER,60,M,9293
2014,NUMBER,61,M,9070
2014,NUMBER,62,M,8313
2014,NUMBER,63,M,7610
2014,NUMBER,64,M,7776
2014,NUMBER,65,M,7170
2014,NUMBER,66,M,6567
2014,NUMBER,67,M,6201
2014,NUMBER,68,M,5051
2014,NUMBER,69,M,4191
2014,NUMBER,70,M,4078
2014,NUMBER,71,M,4106
2014,NUMBER,72,M,4456
2014,NUMBER,73,M,4896
2014,NUMBER,74,M,4890
2014,NUMBER,75,M,4602
2014,NUMBER,76,M,4348
2014,NUMBER,77,M,4005
2014,NUMBER,78,M,3503
2014,NUMBER,79,M,3061
2014,NUMBER,80,M,2690
2014,NUMBER,81,M,2285
2014,NUMBER,82,M,1878
2014,NUMBER,83,M,1632
2014,NUMBER,84,M,1409
2014,NUMBER,85,M,1202
2014,NUMBER,86,M,924
2014,NUMBER,87,M,586
2014,NUMBER,88,M,427
2014,NUMBER,89,M,291
2014,NUMBER,90 +,M,674
2014,NUMBER,_T,F,596906
2014,NUMBER,0,F,4574
2014,NUMBER,1,F,4911
2014,NUMBER,2,F,5124
2014,NUMBER,3,F,5231
2014,NUMBER,4,F,5416
2014,NUMBER,5,F,5396
2014,NUMBER,6,F,5339
2014,NUMBER,7,F,5275
2014,NUMBER,8,F,5260
2014,NUMBER,9,F,5236
2014,NUMBER,10,F,5271
2014,NUMBER,11,F,5325
2014,NUMBER,12,F,5446
2014,NUMBER,13,F,5668
2014,NUMBER,14,F,5766
2014,NUMBER,15,F,5999
2014,NUMBER,16,F,6634
2014,NUMBER,17,F,7008
2014,NUMBER,18,F,7115
2014,NUMBER,19,F,7012
2014,NUMBER,20,F,6125
2014,NUMBER,21,F,5545
2014,NUMBER,22,F,6150
2014,NUMBER,23,F,6640
2014,NUMBER,24,F,6683
2014,NUMBER,25,F,7004
2014,NUMBER,26,F,7267
2014,NUMBER,27,F,7456
2014,NUMBER,28,F,7530
2014,NUMBER,29,F,7644
2014,NUMBER,30,F,7862
2014,NUMBER,31,F,7979
2014,NUMBER,32,F,7979
2014,NUMBER,33,F,7967
2014,NUMBER,34,F,7941
2014,NUMBER,35,F,7820
2014,NUMBER,36,F,7854
2014,NUMBER,37,F,8069
2014,NUMBER,38,F,8053
2014,NUMBER,39,F,7715
2014,NUMBER,40,F,7559
2014,NUMBER,41,F,7624
2014,NUMBER,42,F,7589
2014,NUMBER,43,F,7269
2014,NUMBER,44,F,7157
2014,NUMBER,45,F,7504
2014,NUMBER,46,F,7830
2014,NUMBER,47,F,8152
2014,NUMBER,48,F,8527
2014,NUMBER,49,F,8571
2014,NUMBER,50,F,8600
2014,NUMBER,51,F,9011
2014,NUMBER,52,F,9225
2014,NUMBER,53,F,9326
2014,NUMBER,54,F,9478
2014,NUMBER,55,F,9671
2014,NUMBER,56,F,9373
2014,NUMBER,57,F,9374
2014,NUMBER,58,F,9733
2014,NUMBER,59,F,9986
2014,NUMBER,60,F,9974
2014,NUMBER,61,F,9942
2014,NUMBER,62,F,9154
2014,NUMBER,63,F,8525
2014,NUMBER,64,F,8825
2014,NUMBER,65,F,8308
2014,NUMBER,66,F,7835
2014,NUMBER,67,F,7431
2014,NUMBER,68,F,6185
2014,NUMBER,69,F,5243
2014,NUMBER,70,F,5349
2014,NUMBER,71,F,5502
2014,NUMBER,72,F,5886
2014,NUMBER,73,F,6592
2014,NUMBER,74,F,6727
2014,NUMBER,75,F,6431
2014,NUMBER,76,F,6228
2014,NUMBER,77,F,5935
2014,NUMBER,78,F,5430
2014,NUMBER,79,F,4922
2014,NUMBER,80,F,4373
2014,NUMBER,81,F,3843
2014,NUMBER,82,F,3167
2014,NUMBER,83,F,2796
2014,NUMBER,84,F,2424
2014,NUMBER,85,F,1987
2014,NUMBER,86,F,1602
2014,NUMBER,87,F,1218
2014,NUMBER,88,F,914
2014,NUMBER,89,F,684
2014,NUMBER,90 +,F,1626
2015,NUMBER,_T,_T,1162164
2015,NUMBER,0,_T,9368
2015,NUMBER,1,_T,9480
2015,NUMBER,2,_T,10048
2015,NUMBER,3,_T,10472
2015,NUMBER,4,_T,10699
2015,NUMBER,5,_T,11158
2015,NUMBER,6,_T,11226
2015,NUMBER,7,_T,10930
2015,NUMBER,8,_T,10711
2015,NUMBER,9,_T,10730
2015,NUMBER,10,_T,10837
2015,NUMBER,11,_T,10876
2015,NUMBER,12,_T,10949
2015,NUMBER,13,_T,11309
2015,NUMBER,14,_T,11676
2015,NUMBER,15,_T,11771
2015,NUMBER,16,_T,12323
2015,NUMBER,17,_T,13706
2015,NUMBER,18,_T,14403
2015,NUMBER,19,_T,14524
2015,NUMBER,20,_T,14417
2015,NUMBER,21,_T,12839
2015,NUMBER,22,_T,11722
2015,NUMBER,23,_T,12892
2015,NUMBER,24,_T,13733
2015,NUMBER,25,_T,13773
2015,NUMBER,26,_T,14377
2015,NUMBER,27,_T,14858
2015,NUMBER,28,_T,14999
2015,NUMBER,29,_T,15290
2015,NUMBER,30,_T,15734
2015,NUMBER,31,_T,16115
2015,NUMBER,32,_T,16232
2015,NUMBER,33,_T,16147
2015,NUMBER,34,_T,16137
2015,NUMBER,35,_T,16064
2015,NUMBER,36,_T,15954
2015,NUMBER,37,_T,16030
2015,NUMBER,38,_T,16477
2015,NUMBER,39,_T,16478
2015,NUMBER,40,_T,15850
2015,NUMBER,41,_T,15541
2015,NUMBER,42,_T,15656
2015,NUMBER,43,_T,15537
2015,NUMBER,44,_T,14744
2015,NUMBER,45,_T,14597
2015,NUMBER,46,_T,15178
2015,NUMBER,47,_T,15708
2015,NUMBER,48,_T,16353
2015,NUMBER,49,_T,17002
2015,NUMBER,50,_T,17022
2015,NUMBER,51,_T,16901
2015,NUMBER,52,_T,17634
2015,NUMBER,53,_T,18102
2015,NUMBER,54,_T,18266
2015,NUMBER,55,_T,18435
2015,NUMBER,56,_T,18630
2015,NUMBER,57,_T,17955
2015,NUMBER,58,_T,17962
2015,NUMBER,59,_T,18676
2015,NUMBER,60,_T,19160
2015,NUMBER,61,_T,19063
2015,NUMBER,62,_T,18784
2015,NUMBER,63,_T,17210
2015,NUMBER,64,_T,15908
2015,NUMBER,65,_T,16342
2015,NUMBER,66,_T,15220
2015,NUMBER,67,_T,14140
2015,NUMBER,68,_T,13367
2015,NUMBER,69,_T,10970
2015,NUMBER,70,_T,9171
2015,NUMBER,71,_T,9165
2015,NUMBER,72,_T,9321
2015,NUMBER,73,_T,9976
2015,NUMBER,74,_T,11043
2015,NUMBER,75,_T,11131
2015,NUMBER,76,_T,10467
2015,NUMBER,77,_T,9997
2015,NUMBER,78,_T,9300
2015,NUMBER,79,_T,8321
2015,NUMBER,80,_T,7376
2015,NUMBER,81,_T,6434
2015,NUMBER,82,_T,5511
2015,NUMBER,83,_T,4479
2015,NUMBER,84,_T,3892
2015,NUMBER,85,_T,3318
2015,NUMBER,86,_T,2739
2015,NUMBER,87,_T,2126
2015,NUMBER,88,_T,1446
2015,NUMBER,89,_T,1067
2015,NUMBER,90 +,_T,2507
2015,NUMBER,_T,M,567711
2015,NUMBER,0,M,4854
2015,NUMBER,1,M,4907
2015,NUMBER,2,M,5133
2015,NUMBER,3,M,5348
2015,NUMBER,4,M,5467
2015,NUMBER,5,M,5740
2015,NUMBER,6,M,5826
2015,NUMBER,7,M,5591
2015,NUMBER,8,M,5439
2015,NUMBER,9,M,5476
2015,NUMBER,10,M,5595
2015,NUMBER,11,M,5605
2015,NUMBER,12,M,5622
2015,NUMBER,13,M,5858
2015,NUMBER,14,M,6012
2015,NUMBER,15,M,6012
2015,NUMBER,16,M,6325
2015,NUMBER,17,M,7065
2015,NUMBER,18,M,7414
2015,NUMBER,19,M,7419
2015,NUMBER,20,M,7415
2015,NUMBER,21,M,6719
2015,NUMBER,22,M,6188
2015,NUMBER,23,M,6728
2015,NUMBER,24,M,7116
2015,NUMBER,25,M,7093
2015,NUMBER,26,M,7383
2015,NUMBER,27,M,7594
2015,NUMBER,28,M,7554
2015,NUMBER,29,M,7768
2015,NUMBER,30,M,8090
2015,NUMBER,31,M,8251
2015,NUMBER,32,M,8249
2015,NUMBER,33,M,8176
2015,NUMBER,34,M,8176
2015,NUMBER,35,M,8121
2015,NUMBER,36,M,8129
2015,NUMBER,37,M,8185
2015,NUMBER,38,M,8394
2015,NUMBER,39,M,8428
2015,NUMBER,40,M,8141
2015,NUMBER,41,M,7981
2015,NUMBER,42,M,8040
2015,NUMBER,43,M,7952
2015,NUMBER,44,M,7488
2015,NUMBER,45,M,7457
2015,NUMBER,46,M,7697
2015,NUMBER,47,M,7895
2015,NUMBER,48,M,8216
2015,NUMBER,49,M,8487
2015,NUMBER,50,M,8462
2015,NUMBER,51,M,8327
2015,NUMBER,52,M,8648
2015,NUMBER,53,M,8898
2015,NUMBER,54,M,8966
2015,NUMBER,55,M,8995
2015,NUMBER,56,M,8994
2015,NUMBER,57,M,8626
2015,NUMBER,58,M,8623
2015,NUMBER,59,M,8983
2015,NUMBER,60,M,9239
2015,NUMBER,61,M,9151
2015,NUMBER,62,M,8902
2015,NUMBER,63,M,8128
2015,NUMBER,64,M,7450
2015,NUMBER,65,M,7602
2015,NUMBER,66,M,7000
2015,NUMBER,67,M,6398
2015,NUMBER,68,M,6034
2015,NUMBER,69,M,4894
2015,NUMBER,70,M,4021
2015,NUMBER,71,M,3920
2015,NUMBER,72,M,3939
2015,NUMBER,73,M,4257
2015,NUMBER,74,M,4661
2015,NUMBER,75,M,4642
2015,NUMBER,76,M,4302
2015,NUMBER,77,M,4055
2015,NUMBER,78,M,3719
2015,NUMBER,79,M,3231
2015,NUMBER,80,M,2805
2015,NUMBER,81,M,2394
2015,NUMBER,82,M,2023
2015,NUMBER,83,M,1644
2015,NUMBER,84,M,1419
2015,NUMBER,85,M,1197
2015,NUMBER,86,M,1028
2015,NUMBER,87,M,770
2015,NUMBER,88,M,467
2015,NUMBER,89,M,329
2015,NUMBER,90 +,M,749
2015,NUMBER,_T,F,594453
2015,NUMBER,0,F,4514
2015,NUMBER,1,F,4573
2015,NUMBER,2,F,4915
2015,NUMBER,3,F,5124
2015,NUMBER,4,F,5232
2015,NUMBER,5,F,5418
2015,NUMBER,6,F,5400
2015,NUMBER,7,F,5339
2015,NUMBER,8,F,5272
2015,NUMBER,9,F,5254
2015,NUMBER,10,F,5242
2015,NUMBER,11,F,5271
2015,NUMBER,12,F,5327
2015,NUMBER,13,F,5451
2015,NUMBER,14,F,5664
2015,NUMBER,15,F,5759
2015,NUMBER,16,F,5998
2015,NUMBER,17,F,6641
2015,NUMBER,18,F,6989
2015,NUMBER,19,F,7105
2015,NUMBER,20,F,7002
2015,NUMBER,21,F,6120
2015,NUMBER,22,F,5534
2015,NUMBER,23,F,6164
2015,NUMBER,24,F,6617
2015,NUMBER,25,F,6680
2015,NUMBER,26,F,6994
2015,NUMBER,27,F,7264
2015,NUMBER,28,F,7445
2015,NUMBER,29,F,7522
2015,NUMBER,30,F,7644
2015,NUMBER,31,F,7864
2015,NUMBER,32,F,7983
2015,NUMBER,33,F,7971
2015,NUMBER,34,F,7961
2015,NUMBER,35,F,7943
2015,NUMBER,36,F,7825
2015,NUMBER,37,F,7845
2015,NUMBER,38,F,8083
2015,NUMBER,39,F,8050
2015,NUMBER,40,F,7709
2015,NUMBER,41,F,7560
2015,NUMBER,42,F,7616
2015,NUMBER,43,F,7585
2015,NUMBER,44,F,7256
2015,NUMBER,45,F,7140
2015,NUMBER,46,F,7481
2015,NUMBER,47,F,7813
2015,NUMBER,48,F,8137
2015,NUMBER,49,F,8515
2015,NUMBER,50,F,8560
2015,NUMBER,51,F,8574
2015,NUMBER,52,F,8986
2015,NUMBER,53,F,9204
2015,NUMBER,54,F,9300
2015,NUMBER,55,F,9440
2015,NUMBER,56,F,9636
2015,NUMBER,57,F,9329
2015,NUMBER,58,F,9339
2015,NUMBER,59,F,9693
2015,NUMBER,60,F,9921
2015,NUMBER,61,F,9912
2015,NUMBER,62,F,9882
2015,NUMBER,63,F,9082
2015,NUMBER,64,F,8458
2015,NUMBER,65,F,8740
2015,NUMBER,66,F,8220
2015,NUMBER,67,F,7742
2015,NUMBER,68,F,7333
2015,NUMBER,69,F,6076
2015,NUMBER,70,F,5150
2015,NUMBER,71,F,5245
2015,NUMBER,72,F,5382
2015,NUMBER,73,F,5719
2015,NUMBER,74,F,6382
2015,NUMBER,75,F,6489
2015,NUMBER,76,F,6165
2015,NUMBER,77,F,5942
2015,NUMBER,78,F,5581
2015,NUMBER,79,F,5090
2015,NUMBER,80,F,4571
2015,NUMBER,81,F,4040
2015,NUMBER,82,F,3488
2015,NUMBER,83,F,2835
2015,NUMBER,84,F,2473
2015,NUMBER,85,F,2121
2015,NUMBER,86,F,1711
2015,NUMBER,87,F,1356
2015,NUMBER,88,F,979
2015,NUMBER,89,F,738
2015,NUMBER,90 +,F,1758
2016,NUMBER,_T,_T,1157516
2016,NUMBER,0,_T,9378
2016,NUMBER,1,_T,9354
2016,NUMBER,2,_T,9505
2016,NUMBER,3,_T,10047
2016,NUMBER,4,_T,10450
2016,NUMBER,5,_T,10717
2016,NUMBER,6,_T,11108
2016,NUMBER,7,_T,11257
2016,NUMBER,8,_T,10887
2016,NUMBER,9,_T,10723
2016,NUMBER,10,_T,10704
2016,NUMBER,11,_T,10823
2016,NUMBER,12,_T,10846
2016,NUMBER,13,_T,10961
2016,NUMBER,14,_T,11313
2016,NUMBER,15,_T,11696
2016,NUMBER,16,_T,11757
2016,NUMBER,17,_T,12338
2016,NUMBER,18,_T,13742
2016,NUMBER,19,_T,14391
2016,NUMBER,20,_T,14520
2016,NUMBER,21,_T,14332
2016,NUMBER,22,_T,12789
2016,NUMBER,23,_T,11719
2016,NUMBER,24,_T,12923
2016,NUMBER,25,_T,13722
2016,NUMBER,26,_T,13813
2016,NUMBER,27,_T,14391
2016,NUMBER,28,_T,14821
2016,NUMBER,29,_T,15003
2016,NUMBER,30,_T,15290
2016,NUMBER,31,_T,15720
2016,NUMBER,32,_T,16146
2016,NUMBER,33,_T,16227
2016,NUMBER,34,_T,16121
2016,NUMBER,35,_T,16172
2016,NUMBER,36,_T,16017
2016,NUMBER,37,_T,15952
2016,NUMBER,38,_T,15996
2016,NUMBER,39,_T,16510
2016,NUMBER,40,_T,16455
2016,NUMBER,41,_T,15744
2016,NUMBER,42,_T,15518
2016,NUMBER,43,_T,15666
2016,NUMBER,44,_T,15491
2016,NUMBER,45,_T,14639
2016,NUMBER,46,_T,14620
2016,NUMBER,47,_T,15173
2016,NUMBER,48,_T,15690
2016,NUMBER,49,_T,16302
2016,NUMBER,50,_T,16973
2016,NUMBER,51,_T,16939
2016,NUMBER,52,_T,16853
2016,NUMBER,53,_T,17601
2016,NUMBER,54,_T,18032
2016,NUMBER,55,_T,18146
2016,NUMBER,56,_T,18323
2016,NUMBER,57,_T,18490
2016,NUMBER,58,_T,17776
2016,NUMBER,59,_T,17878
2016,NUMBER,60,_T,18466
2016,NUMBER,61,_T,19040
2016,NUMBER,62,_T,18819
2016,NUMBER,63,_T,18620
2016,NUMBER,64,_T,16817
2016,NUMBER,65,_T,15748
2016,NUMBER,66,_T,16089
2016,NUMBER,67,_T,14900
2016,NUMBER,68,_T,13873
2016,NUMBER,69,_T,13076
2016,NUMBER,70,_T,10605
2016,NUMBER,71,_T,8944
2016,NUMBER,72,_T,8905
2016,NUMBER,73,_T,9018
2016,NUMBER,74,_T,9665
2016,NUMBER,75,_T,10599
2016,NUMBER,76,_T,10578
2016,NUMBER,77,_T,9932
2016,NUMBER,78,_T,9404
2016,NUMBER,79,_T,8661
2016,NUMBER,80,_T,7718
2016,NUMBER,81,_T,6694
2016,NUMBER,82,_T,5810
2016,NUMBER,83,_T,4954
2016,NUMBER,84,_T,3928
2016,NUMBER,85,_T,3411
2016,NUMBER,86,_T,2835
2016,NUMBER,87,_T,2302
2016,NUMBER,88,_T,1744
2016,NUMBER,89,_T,1151
2016,NUMBER,90 +,_T,2720
2016,NUMBER,_T,M,565368
2016,NUMBER,0,M,4855
2016,NUMBER,1,M,4847
2016,NUMBER,2,M,4934
2016,NUMBER,3,M,5128
2016,NUMBER,4,M,5335
2016,NUMBER,5,M,5464
2016,NUMBER,6,M,5707
2016,NUMBER,7,M,5851
2016,NUMBER,8,M,5568
2016,NUMBER,9,M,5442
2016,NUMBER,10,M,5458
2016,NUMBER,11,M,5589
2016,NUMBER,12,M,5606
2016,NUMBER,13,M,5632
2016,NUMBER,14,M,5858
2016,NUMBER,15,M,6014
2016,NUMBER,16,M,6003
2016,NUMBER,17,M,6320
2016,NUMBER,18,M,7078
2016,NUMBER,19,M,7404
2016,NUMBER,20,M,7411
2016,NUMBER,21,M,7384
2016,NUMBER,22,M,6689
2016,NUMBER,23,M,6192
2016,NUMBER,24,M,6730
2016,NUMBER,25,M,7114
2016,NUMBER,26,M,7117
2016,NUMBER,27,M,7376
2016,NUMBER,28,M,7585
2016,NUMBER,29,M,7549
2016,NUMBER,30,M,7788
2016,NUMBER,31,M,8055
2016,NUMBER,32,M,8257
2016,NUMBER,33,M,8261
2016,NUMBER,34,M,8158
2016,NUMBER,35,M,8184
2016,NUMBER,36,M,8091
2016,NUMBER,37,M,8134
2016,NUMBER,38,M,8152
2016,NUMBER,39,M,8422
2016,NUMBER,40,M,8399
2016,NUMBER,41,M,8071
2016,NUMBER,42,M,7975
2016,NUMBER,43,M,8034
2016,NUMBER,44,M,7917
2016,NUMBER,45,M,7431
2016,NUMBER,46,M,7463
2016,NUMBER,47,M,7690
2016,NUMBER,48,M,7881
2016,NUMBER,49,M,8166
2016,NUMBER,50,M,8469
2016,NUMBER,51,M,8397
2016,NUMBER,52,M,8306
2016,NUMBER,53,M,8603
2016,NUMBER,54,M,8824
2016,NUMBER,55,M,8909
2016,NUMBER,56,M,8898
2016,NUMBER,57,M,8909
2016,NUMBER,58,M,8509
2016,NUMBER,59,M,8548
2016,NUMBER,60,M,8857
2016,NUMBER,61,M,9141
2016,NUMBER,62,M,8952
2016,NUMBER,63,M,8780
2016,NUMBER,64,M,7906
2016,NUMBER,65,M,7328
2016,NUMBER,66,M,7444
2016,NUMBER,67,M,6807
2016,NUMBER,68,M,6232
2016,NUMBER,69,M,5859
2016,NUMBER,70,M,4672
2016,NUMBER,71,M,3882
2016,NUMBER,72,M,3780
2016,NUMBER,73,M,3772
2016,NUMBER,74,M,4092
2016,NUMBER,75,M,4434
2016,NUMBER,76,M,4345
2016,NUMBER,77,M,4014
2016,NUMBER,78,M,3786
2016,NUMBER,79,M,3426
2016,NUMBER,80,M,2972
2016,NUMBER,81,M,2510
2016,NUMBER,82,M,2113
2016,NUMBER,83,M,1794
2016,NUMBER,84,M,1430
2016,NUMBER,85,M,1217
2016,NUMBER,86,M,1011
2016,NUMBER,87,M,859
2016,NUMBER,88,M,625
2016,NUMBER,89,M,365
2016,NUMBER,90 +,M,822
2016,NUMBER,_T,F,592148
2016,NUMBER,0,F,4523
2016,NUMBER,1,F,4507
2016,NUMBER,2,F,4571
2016,NUMBER,3,F,4919
2016,NUMBER,4,F,5115
2016,NUMBER,5,F,5253
2016,NUMBER,6,F,5401
2016,NUMBER,7,F,5406
2016,NUMBER,8,F,5319
2016,NUMBER,9,F,5281
2016,NUMBER,10,F,5246
2016,NUMBER,11,F,5234
2016,NUMBER,12,F,5240
2016,NUMBER,13,F,5329
2016,NUMBER,14,F,5455
2016,NUMBER,15,F,5682
2016,NUMBER,16,F,5754
2016,NUMBER,17,F,6018
2016,NUMBER,18,F,6664
2016,NUMBER,19,F,6987
2016,NUMBER,20,F,7109
2016,NUMBER,21,F,6948
2016,NUMBER,22,F,6100
2016,NUMBER,23,F,5527
2016,NUMBER,24,F,6193
2016,NUMBER,25,F,6608
2016,NUMBER,26,F,6696
2016,NUMBER,27,F,7015
2016,NUMBER,28,F,7236
2016,NUMBER,29,F,7454
2016,NUMBER,30,F,7502
2016,NUMBER,31,F,7665
2016,NUMBER,32,F,7889
2016,NUMBER,33,F,7966
2016,NUMBER,34,F,7963
2016,NUMBER,35,F,7988
2016,NUMBER,36,F,7926
2016,NUMBER,37,F,7818
2016,NUMBER,38,F,7844
2016,NUMBER,39,F,8088
2016,NUMBER,40,F,8056
2016,NUMBER,41,F,7673
2016,NUMBER,42,F,7543
2016,NUMBER,43,F,7632
2016,NUMBER,44,F,7574
2016,NUMBER,45,F,7208
2016,NUMBER,46,F,7157
2016,NUMBER,47,F,7483
2016,NUMBER,48,F,7809
2016,NUMBER,49,F,8136
2016,NUMBER,50,F,8504
2016,NUMBER,51,F,8542
2016,NUMBER,52,F,8547
2016,NUMBER,53,F,8998
2016,NUMBER,54,F,9208
2016,NUMBER,55,F,9237
2016,NUMBER,56,F,9425
2016,NUMBER,57,F,9581
2016,NUMBER,58,F,9267
2016,NUMBER,59,F,9330
2016,NUMBER,60,F,9609
2016,NUMBER,61,F,9899
2016,NUMBER,62,F,9867
2016,NUMBER,63,F,9840
2016,NUMBER,64,F,8911
2016,NUMBER,65,F,8420
2016,NUMBER,66,F,8645
2016,NUMBER,67,F,8093
2016,NUMBER,68,F,7641
2016,NUMBER,69,F,7217
2016,NUMBER,70,F,5933
2016,NUMBER,71,F,5062
2016,NUMBER,72,F,5125
2016,NUMBER,73,F,5246
2016,NUMBER,74,F,5573
2016,NUMBER,75,F,6165
2016,NUMBER,76,F,6233
2016,NUMBER,77,F,5918
2016,NUMBER,78,F,5618
2016,NUMBER,79,F,5235
2016,NUMBER,80,F,4746
2016,NUMBER,81,F,4184
2016,NUMBER,82,F,3697
2016,NUMBER,83,F,3160
2016,NUMBER,84,F,2498
2016,NUMBER,85,F,2194
2016,NUMBER,86,F,1824
2016,NUMBER,87,F,1443
2016,NUMBER,88,F,1119
2016,NUMBER,89,F,786
2016,NUMBER,90 +,F,1898
2017,NUMBER,_T,_T,1153017
2017,NUMBER,0,_T,9367
2017,NUMBER,1,_T,9358
2017,NUMBER,2,_T,9392
2017,NUMBER,3,_T,9520
2017,NUMBER,4,_T,10032
2017,NUMBER,5,_T,10526
2017,NUMBER,6,_T,10630
2017,NUMBER,7,_T,11159
2017,NUMBER,8,_T,11184
2017,NUMBER,9,_T,10926
2017,NUMBER,10,_T,10679
2017,NUMBER,11,_T,10706
2017,NUMBER,12,_T,10770
2017,NUMBER,13,_T,10871
2017,NUMBER,14,_T,10985
2017,NUMBER,15,_T,11348
2017,NUMBER,16,_T,11671
2017,NUMBER,17,_T,11800
2017,NUMBER,18,_T,12469
2017,NUMBER,19,_T,13700
2017,NUMBER,20,_T,14374
2017,NUMBER,21,_T,14350
2017,NUMBER,22,_T,14245
2017,NUMBER,23,_T,12777
2017,NUMBER,24,_T,11832
2017,NUMBER,25,_T,12915
2017,NUMBER,26,_T,13776
2017,NUMBER,27,_T,13822
2017,NUMBER,28,_T,14340
2017,NUMBER,29,_T,14858
2017,NUMBER,30,_T,15021
2017,NUMBER,31,_T,15285
2017,NUMBER,32,_T,15777
2017,NUMBER,33,_T,16139
2017,NUMBER,34,_T,16191
2017,NUMBER,35,_T,16207
2017,NUMBER,36,_T,16116
2017,NUMBER,37,_T,16031
2017,NUMBER,38,_T,15863
2017,NUMBER,39,_T,16096
2017,NUMBER,40,_T,16465
2017,NUMBER,41,_T,16298
2017,NUMBER,42,_T,15711
2017,NUMBER,43,_T,15536
2017,NUMBER,44,_T,15618
2017,NUMBER,45,_T,15352
2017,NUMBER,46,_T,14720
2017,NUMBER,47,_T,14632
2017,NUMBER,48,_T,15199
2017,NUMBER,49,_T,15660
2017,NUMBER,50,_T,16280
2017,NUMBER,51,_T,16892
2017,NUMBER,52,_T,16912
2017,NUMBER,53,_T,16854
2017,NUMBER,54,_T,17574
2017,NUMBER,55,_T,17936
2017,NUMBER,56,_T,18080
2017,NUMBER,57,_T,18196
2017,NUMBER,58,_T,18239
2017,NUMBER,59,_T,17759
2017,NUMBER,60,_T,17649
2017,NUMBER,61,_T,18417
2017,NUMBER,62,_T,18767
2017,NUMBER,63,_T,18777
2017,NUMBER,64,_T,18013
2017,NUMBER,65,_T,16700
2017,NUMBER,66,_T,15496
2017,NUMBER,67,_T,15698
2017,NUMBER,68,_T,14611
2017,NUMBER,69,_T,13572
2017,NUMBER,70,_T,12629
2017,NUMBER,71,_T,10422
2017,NUMBER,72,_T,8721
2017,NUMBER,73,_T,8599
2017,NUMBER,74,_T,8799
2017,NUMBER,75,_T,9292
2017,NUMBER,76,_T,10085
2017,NUMBER,77,_T,10055
2017,NUMBER,78,_T,9363
2017,NUMBER,79,_T,8749
2017,NUMBER,80,_T,8022
2017,NUMBER,81,_T,7012
2017,NUMBER,82,_T,6024
2017,NUMBER,83,_T,5244
2017,NUMBER,84,_T,4342
2017,NUMBER,85,_T,3431
2017,NUMBER,86,_T,2901
2017,NUMBER,87,_T,2397
2017,NUMBER,88,_T,1887
2017,NUMBER,89,_T,1387
2017,NUMBER,90 +,_T,2935
2017,NUMBER,_T,M,563187
2017,NUMBER,0,M,4861
2017,NUMBER,1,M,4844
2017,NUMBER,2,M,4897
2017,NUMBER,3,M,4941
2017,NUMBER,4,M,5115
2017,NUMBER,5,M,5369
2017,NUMBER,6,M,5410
2017,NUMBER,7,M,5746
2017,NUMBER,8,M,5806
2017,NUMBER,9,M,5578
2017,NUMBER,10,M,5415
2017,NUMBER,11,M,5466
2017,NUMBER,12,M,5600
2017,NUMBER,13,M,5622
2017,NUMBER,14,M,5636
2017,NUMBER,15,M,5864
2017,NUMBER,16,M,6006
2017,NUMBER,17,M,6003
2017,NUMBER,18,M,6376
2017,NUMBER,19,M,7053
2017,NUMBER,20,M,7393
2017,NUMBER,21,M,7347
2017,NUMBER,22,M,7326
2017,NUMBER,23,M,6700
2017,NUMBER,24,M,6218
2017,NUMBER,25,M,6738
2017,NUMBER,26,M,7157
2017,NUMBER,27,M,7103
2017,NUMBER,28,M,7362
2017,NUMBER,29,M,7583
2017,NUMBER,30,M,7607
2017,NUMBER,31,M,7751
2017,NUMBER,32,M,8071
2017,NUMBER,33,M,8285
2017,NUMBER,34,M,8221
2017,NUMBER,35,M,8189
2017,NUMBER,36,M,8152
2017,NUMBER,37,M,8123
2017,NUMBER,38,M,8074
2017,NUMBER,39,M,8237
2017,NUMBER,40,M,8369
2017,NUMBER,41,M,8305
2017,NUMBER,42,M,8053
2017,NUMBER,43,M,7981
2017,NUMBER,44,M,7988
2017,NUMBER,45,M,7844
2017,NUMBER,46,M,7473
2017,NUMBER,47,M,7451
2017,NUMBER,48,M,7717
2017,NUMBER,49,M,7833
2017,NUMBER,50,M,8158
2017,NUMBER,51,M,8383
2017,NUMBER,52,M,8411
2017,NUMBER,53,M,8257
2017,NUMBER,54,M,8543
2017,NUMBER,55,M,8780
2017,NUMBER,56,M,8819
2017,NUMBER,57,M,8832
2017,NUMBER,58,M,8745
2017,NUMBER,59,M,8481
2017,NUMBER,60,M,8427
2017,NUMBER,61,M,8790
2017,NUMBER,62,M,8920
2017,NUMBER,63,M,8908
2017,NUMBER,64,M,8473
2017,NUMBER,65,M,7778
2017,NUMBER,66,M,7166
2017,NUMBER,67,M,7192
2017,NUMBER,68,M,6629
2017,NUMBER,69,M,6047
2017,NUMBER,70,M,5609
2017,NUMBER,71,M,4545
2017,NUMBER,72,M,3761
2017,NUMBER,73,M,3610
2017,NUMBER,74,M,3652
2017,NUMBER,75,M,3888
2017,NUMBER,76,M,4147
2017,NUMBER,77,M,4065
2017,NUMBER,78,M,3748
2017,NUMBER,79,M,3467
2017,NUMBER,80,M,3144
2017,NUMBER,81,M,2663
2017,NUMBER,82,M,2223
2017,NUMBER,83,M,1887
2017,NUMBER,84,M,1562
2017,NUMBER,85,M,1222
2017,NUMBER,86,M,1027
2017,NUMBER,87,M,849
2017,NUMBER,88,M,705
2017,NUMBER,89,M,500
2017,NUMBER,90 +,M,915
2017,NUMBER,_T,F,589830
2017,NUMBER,0,F,4506
2017,NUMBER,1,F,4514
2017,NUMBER,2,F,4495
2017,NUMBER,3,F,4579
2017,NUMBER,4,F,4917
2017,NUMBER,5,F,5157
2017,NUMBER,6,F,5220
2017,NUMBER,7,F,5413
2017,NUMBER,8,F,5378
2017,NUMBER,9,F,5348
2017,NUMBER,10,F,5264
2017,NUMBER,11,F,5240
2017,NUMBER,12,F,5170
2017,NUMBER,13,F,5249
2017,NUMBER,14,F,5349
2017,NUMBER,15,F,5484
2017,NUMBER,16,F,5665
2017,NUMBER,17,F,5797
2017,NUMBER,18,F,6093
2017,NUMBER,19,F,6647
2017,NUMBER,20,F,6981
2017,NUMBER,21,F,7003
2017,NUMBER,22,F,6919
2017,NUMBER,23,F,6077
2017,NUMBER,24,F,5614
2017,NUMBER,25,F,6177
2017,NUMBER,26,F,6619
2017,NUMBER,27,F,6719
2017,NUMBER,28,F,6978
2017,NUMBER,29,F,7275
2017,NUMBER,30,F,7414
2017,NUMBER,31,F,7534
2017,NUMBER,32,F,7706
2017,NUMBER,33,F,7854
2017,NUMBER,34,F,7970
2017,NUMBER,35,F,8018
2017,NUMBER,36,F,7964
2017,NUMBER,37,F,7908
2017,NUMBER,38,F,7789
2017,NUMBER,39,F,7859
2017,NUMBER,40,F,8096
2017,NUMBER,41,F,7993
2017,NUMBER,42,F,7658
2017,NUMBER,43,F,7555
2017,NUMBER,44,F,7630
2017,NUMBER,45,F,7508
2017,NUMBER,46,F,7247
2017,NUMBER,47,F,7181
2017,NUMBER,48,F,7482
2017,NUMBER,49,F,7827
2017,NUMBER,50,F,8122
2017,NUMBER,51,F,8509
2017,NUMBER,52,F,8501
2017,NUMBER,53,F,8597
2017,NUMBER,54,F,9031
2017,NUMBER,55,F,9156
2017,NUMBER,56,F,9261
2017,NUMBER,57,F,9364
2017,NUMBER,58,F,9494
2017,NUMBER,59,F,9278
2017,NUMBER,60,F,9222
2017,NUMBER,61,F,9627
2017,NUMBER,62,F,9847
2017,NUMBER,63,F,9869
2017,NUMBER,64,F,9540
2017,NUMBER,65,F,8922
2017,NUMBER,66,F,8330
2017,NUMBER,67,F,8506
2017,NUMBER,68,F,7982
2017,NUMBER,69,F,7525
2017,NUMBER,70,F,7020
2017,NUMBER,71,F,5877
2017,NUMBER,72,F,4960
2017,NUMBER,73,F,4989
2017,NUMBER,74,F,5147
2017,NUMBER,75,F,5404
2017,NUMBER,76,F,5938
2017,NUMBER,77,F,5990
2017,NUMBER,78,F,5615
2017,NUMBER,79,F,5282
2017,NUMBER,80,F,4878
2017,NUMBER,81,F,4349
2017,NUMBER,82,F,3801
2017,NUMBER,83,F,3357
2017,NUMBER,84,F,2780
2017,NUMBER,85,F,2209
2017,NUMBER,86,F,1874
2017,NUMBER,87,F,1548
2017,NUMBER,88,F,1182
2017,NUMBER,89,F,887
2017,NUMBER,90 +,F,2020
2018,NUMBER,_T,_T,1147902
2018,NUMBER,0,_T,9155
2018,NUMBER,1,_T,9364
2018,NUMBER,2,_T,9354
2018,NUMBER,3,_T,9388
2018,NUMBER,4,_T,9522
2018,NUMBER,5,_T,10039
2018,NUMBER,6,_T,10537
2018,NUMBER,7,_T,10633
2018,NUMBER,8,_T,11163
2018,NUMBER,9,_T,11189
2018,NUMBER,10,_T,10931
2018,NUMBER,11,_T,10679
2018,NUMBER,12,_T,10706
2018,NUMBER,13,_T,10772
2018,NUMBER,14,_T,10891
2018,NUMBER,15,_T,10998
2018,NUMBER,16,_T,11349
2018,NUMBER,17,_T,11675
2018,NUMBER,18,_T,11760
2018,NUMBER,19,_T,12466
2018,NUMBER,20,_T,13695
2018,NUMBER,21,_T,14368
2018,NUMBER,22,_T,14332
2018,NUMBER,23,_T,14226
2018,NUMBER,24,_T,12754
2018,NUMBER,25,_T,11826
2018,NUMBER,26,_T,12886
2018,NUMBER,27,_T,13753
2018,NUMBER,28,_T,13817
2018,NUMBER,29,_T,14326
2018,NUMBER,30,_T,14853
2018,NUMBER,31,_T,15014
2018,NUMBER,32,_T,15287
2018,NUMBER,33,_T,15778
2018,NUMBER,34,_T,16130
2018,NUMBER,35,_T,16187
2018,NUMBER,36,_T,16208
2018,NUMBER,37,_T,16098
2018,NUMBER,38,_T,16019
2018,NUMBER,39,_T,15858
2018,NUMBER,40,_T,16098
2018,NUMBER,41,_T,16443
2018,NUMBER,42,_T,16281
2018,NUMBER,43,_T,15686
2018,NUMBER,44,_T,15514
2018,NUMBER,45,_T,15605
2018,NUMBER,46,_T,15322
2018,NUMBER,47,_T,14690
2018,NUMBER,48,_T,14604
2018,NUMBER,49,_T,15151
2018,NUMBER,50,_T,15596
2018,NUMBER,51,_T,16214
2018,NUMBER,52,_T,16837
2018,NUMBER,53,_T,16854
2018,NUMBER,54,_T,16789
2018,NUMBER,55,_T,17476
2018,NUMBER,56,_T,17814
2018,NUMBER,57,_T,17941
2018,NUMBER,58,_T,18052
2018,NUMBER,59,_T,18096
2018,NUMBER,60,_T,17600
2018,NUMBER,61,_T,17468
2018,NUMBER,62,_T,18206
2018,NUMBER,63,_T,18544
2018,NUMBER,64,_T,18524
2018,NUMBER,65,_T,17708
2018,NUMBER,66,_T,16445
2018,NUMBER,67,_T,15222
2018,NUMBER,68,_T,15391
2018,NUMBER,69,_T,14301
2018,NUMBER,70,_T,13255
2018,NUMBER,71,_T,12323
2018,NUMBER,72,_T,10125
2018,NUMBER,73,_T,8427
2018,NUMBER,74,_T,8316
2018,NUMBER,75,_T,8481
2018,NUMBER,76,_T,8874
2018,NUMBER,77,_T,9594
2018,NUMBER,78,_T,9483
2018,NUMBER,79,_T,8784
2018,NUMBER,80,_T,8128
2018,NUMBER,81,_T,7361
2018,NUMBER,82,_T,6369
2018,NUMBER,83,_T,5417
2018,NUMBER,84,_T,4655
2018,NUMBER,85,_T,3789
2018,NUMBER,86,_T,2955
2018,NUMBER,87,_T,2495
2018,NUMBER,88,_T,1979
2018,NUMBER,89,_T,1524
2018,NUMBER,90 +,_T,3110
2018,NUMBER,_T,M,560795
2018,NUMBER,0,M,4784
2018,NUMBER,1,M,4856
2018,NUMBER,2,M,4846
2018,NUMBER,3,M,4892
2018,NUMBER,4,M,4943
2018,NUMBER,5,M,5123
2018,NUMBER,6,M,5376
2018,NUMBER,7,M,5410
2018,NUMBER,8,M,5748
2018,NUMBER,9,M,5806
2018,NUMBER,10,M,5582
2018,NUMBER,11,M,5418
2018,NUMBER,12,M,5462
2018,NUMBER,13,M,5596
2018,NUMBER,14,M,5631
2018,NUMBER,15,M,5641
2018,NUMBER,16,M,5865
2018,NUMBER,17,M,6005
2018,NUMBER,18,M,5982
2018,NUMBER,19,M,6371
2018,NUMBER,20,M,7056
2018,NUMBER,21,M,7383
2018,NUMBER,22,M,7329
2018,NUMBER,23,M,7315
2018,NUMBER,24,M,6694
2018,NUMBER,25,M,6218
2018,NUMBER,26,M,6722
2018,NUMBER,27,M,7141
2018,NUMBER,28,M,7094
2018,NUMBER,29,M,7359
2018,NUMBER,30,M,7581
2018,NUMBER,31,M,7597
2018,NUMBER,32,M,7755
2018,NUMBER,33,M,8078
2018,NUMBER,34,M,8274
2018,NUMBER,35,M,8216
2018,NUMBER,36,M,8196
2018,NUMBER,37,M,8144
2018,NUMBER,38,M,8113
2018,NUMBER,39,M,8074
2018,NUMBER,40,M,8237
2018,NUMBER,41,M,8357
2018,NUMBER,42,M,8291
2018,NUMBER,43,M,8036
2018,NUMBER,44,M,7957
2018,NUMBER,45,M,7978
2018,NUMBER,46,M,7828
2018,NUMBER,47,M,7456
2018,NUMBER,48,M,7435
2018,NUMBER,49,M,7680
2018,NUMBER,50,M,7787
2018,NUMBER,51,M,8105
2018,NUMBER,52,M,8341
2018,NUMBER,53,M,8373
2018,NUMBER,54,M,8211
2018,NUMBER,55,M,8482
2018,NUMBER,56,M,8686
2018,NUMBER,57,M,8729
2018,NUMBER,58,M,8729
2018,NUMBER,59,M,8641
2018,NUMBER,60,M,8371
2018,NUMBER,61,M,8303
2018,NUMBER,62,M,8650
2018,NUMBER,63,M,8768
2018,NUMBER,64,M,8738
2018,NUMBER,65,M,8265
2018,NUMBER,66,M,7615
2018,NUMBER,67,M,6988
2018,NUMBER,68,M,6980
2018,NUMBER,69,M,6430
2018,NUMBER,70,M,5856
2018,NUMBER,71,M,5416
2018,NUMBER,72,M,4365
2018,NUMBER,73,M,3606
2018,NUMBER,74,M,3464
2018,NUMBER,75,M,3497
2018,NUMBER,76,M,3672
2018,NUMBER,77,M,3892
2018,NUMBER,78,M,3790
2018,NUMBER,79,M,3473
2018,NUMBER,80,M,3182
2018,NUMBER,81,M,2847
2018,NUMBER,82,M,2409
2018,NUMBER,83,M,1983
2018,NUMBER,84,M,1654
2018,NUMBER,85,M,1358
2018,NUMBER,86,M,1055
2018,NUMBER,87,M,884
2018,NUMBER,88,M,705
2018,NUMBER,89,M,562
2018,NUMBER,90 +,M,1002
2018,NUMBER,_T,F,587107
2018,NUMBER,0,F,4371
2018,NUMBER,1,F,4508
2018,NUMBER,2,F,4508
2018,NUMBER,3,F,4496
2018,NUMBER,4,F,4579
2018,NUMBER,5,F,4916
2018,NUMBER,6,F,5161
2018,NUMBER,7,F,5223
2018,NUMBER,8,F,5415
2018,NUMBER,9,F,5383
2018,NUMBER,10,F,5349
2018,NUMBER,11,F,5261
2018,NUMBER,12,F,5244
2018,NUMBER,13,F,5176
2018,NUMBER,14,F,5260
2018,NUMBER,15,F,5357
2018,NUMBER,16,F,5484
2018,NUMBER,17,F,5670
2018,NUMBER,18,F,5778
2018,NUMBER,19,F,6095
2018,NUMBER,20,F,6639
2018,NUMBER,21,F,6985
2018,NUMBER,22,F,7003
2018,NUMBER,23,F,6911
2018,NUMBER,24,F,6060
2018,NUMBER,25,F,5608
2018,NUMBER,26,F,6164
2018,NUMBER,27,F,6612
2018,NUMBER,28,F,6723
2018,NUMBER,29,F,6967
2018,NUMBER,30,F,7272
2018,NUMBER,31,F,7417
2018,NUMBER,32,F,7532
2018,NUMBER,33,F,7700
2018,NUMBER,34,F,7856
2018,NUMBER,35,F,7971
2018,NUMBER,36,F,8012
2018,NUMBER,37,F,7954
2018,NUMBER,38,F,7906
2018,NUMBER,39,F,7784
2018,NUMBER,40,F,7861
2018,NUMBER,41,F,8086
2018,NUMBER,42,F,7990
2018,NUMBER,43,F,7650
2018,NUMBER,44,F,7557
2018,NUMBER,45,F,7627
2018,NUMBER,46,F,7494
2018,NUMBER,47,F,7234
2018,NUMBER,48,F,7169
2018,NUMBER,49,F,7471
2018,NUMBER,50,F,7809
2018,NUMBER,51,F,8109
2018,NUMBER,52,F,8496
2018,NUMBER,53,F,8481
2018,NUMBER,54,F,8578
2018,NUMBER,55,F,8994
2018,NUMBER,56,F,9128
2018,NUMBER,57,F,9212
2018,NUMBER,58,F,9323
2018,NUMBER,59,F,9455
2018,NUMBER,60,F,9229
2018,NUMBER,61,F,9165
2018,NUMBER,62,F,9556
2018,NUMBER,63,F,9776
2018,NUMBER,64,F,9786
2018,NUMBER,65,F,9443
2018,NUMBER,66,F,8830
2018,NUMBER,67,F,8234
2018,NUMBER,68,F,8411
2018,NUMBER,69,F,7871
2018,NUMBER,70,F,7399
2018,NUMBER,71,F,6907
2018,NUMBER,72,F,5760
2018,NUMBER,73,F,4821
2018,NUMBER,74,F,4852
2018,NUMBER,75,F,4984
2018,NUMBER,76,F,5202
2018,NUMBER,77,F,5702
2018,NUMBER,78,F,5693
2018,NUMBER,79,F,5311
2018,NUMBER,80,F,4946
2018,NUMBER,81,F,4514
2018,NUMBER,82,F,3960
2018,NUMBER,83,F,3434
2018,NUMBER,84,F,3001
2018,NUMBER,85,F,2431
2018,NUMBER,86,F,1900
2018,NUMBER,87,F,1611
2018,NUMBER,88,F,1274
2018,NUMBER,89,F,962
2018,NUMBER,90 +,F,2108
2019,NUMBER,_T,_T,1142495
2019,NUMBER,0,_T,9410
2019,NUMBER,1,_T,9427
2019,NUMBER,2,_T,9359
2019,NUMBER,3,_T,9386
2019,NUMBER,4,_T,9407
2019,NUMBER,5,_T,9521
2019,NUMBER,6,_T,10077
2019,NUMBER,7,_T,10485
2019,NUMBER,8,_T,10639
2019,NUMBER,9,_T,11127
2019,NUMBER,10,_T,11209
2019,NUMBER,11,_T,10909
2019,NUMBER,12,_T,10691
2019,NUMBER,13,_T,10700
2019,NUMBER,14,_T,10831
2019,NUMBER,15,_T,10904
2019,NUMBER,16,_T,11004
2019,NUMBER,17,_T,11339
2019,NUMBER,18,_T,11678
2019,NUMBER,19,_T,11842
2019,NUMBER,20,_T,12419
2019,NUMBER,21,_T,13671
2019,NUMBER,22,_T,14291
2019,NUMBER,23,_T,14332
2019,NUMBER,24,_T,14245
2019,NUMBER,25,_T,12805
2019,NUMBER,26,_T,11796
2019,NUMBER,27,_T,12909
2019,NUMBER,28,_T,13760
2019,NUMBER,29,_T,13778
2019,NUMBER,30,_T,14338
2019,NUMBER,31,_T,14838
2019,NUMBER,32,_T,15001
2019,NUMBER,33,_T,15292
2019,NUMBER,34,_T,15771
2019,NUMBER,35,_T,16117
2019,NUMBER,36,_T,16217
2019,NUMBER,37,_T,16163
2019,NUMBER,38,_T,16098
2019,NUMBER,39,_T,15979
2019,NUMBER,40,_T,15929
2019,NUMBER,41,_T,16057
2019,NUMBER,42,_T,16360
2019,NUMBER,43,_T,16223
2019,NUMBER,44,_T,15673
2019,NUMBER,45,_T,15475
2019,NUMBER,46,_T,15496
2019,NUMBER,47,_T,15327
2019,NUMBER,48,_T,14658
2019,NUMBER,49,_T,14579
2019,NUMBER,50,_T,15090
2019,NUMBER,51,_T,15543
2019,NUMBER,52,_T,16122
2019,NUMBER,53,_T,16758
2019,NUMBER,54,_T,16784
2019,NUMBER,55,_T,16693
2019,NUMBER,56,_T,17316
2019,NUMBER,57,_T,17674
2019,NUMBER,58,_T,17793
2019,NUMBER,59,_T,17824
2019,NUMBER,60,_T,17984
2019,NUMBER,61,_T,17368
2019,NUMBER,62,_T,17318
2019,NUMBER,63,_T,17928
2019,NUMBER,64,_T,18328
2019,NUMBER,65,_T,18016
2019,NUMBER,66,_T,17481
2019,NUMBER,67,_T,16104
2019,NUMBER,68,_T,14841
2019,NUMBER,69,_T,15043
2019,NUMBER,70,_T,13925
2019,NUMBER,71,_T,12821
2019,NUMBER,72,_T,11956
2019,NUMBER,73,_T,9818
2019,NUMBER,74,_T,8103
2019,NUMBER,75,_T,8061
2019,NUMBER,76,_T,8100
2019,NUMBER,77,_T,8392
2019,NUMBER,78,_T,9020
2019,NUMBER,79,_T,8897
2019,NUMBER,80,_T,8156
2019,NUMBER,81,_T,7472
2019,NUMBER,82,_T,6667
2019,NUMBER,83,_T,5680
2019,NUMBER,84,_T,4770
2019,NUMBER,85,_T,4060
2019,NUMBER,86,_T,3268
2019,NUMBER,87,_T,2493
2019,NUMBER,88,_T,2064
2019,NUMBER,89,_T,1618
2019,NUMBER,90 +,_T,3604
2019,NUMBER,_T,M,558093
2019,NUMBER,0,M,4954
2019,NUMBER,1,M,4914
2019,NUMBER,2,M,4858
2019,NUMBER,3,M,4869
2019,NUMBER,4,M,4904
2019,NUMBER,5,M,4935
2019,NUMBER,6,M,5144
2019,NUMBER,7,M,5346
2019,NUMBER,8,M,5422
2019,NUMBER,9,M,5730
2019,NUMBER,10,M,5809
2019,NUMBER,11,M,5565
2019,NUMBER,12,M,5421
2019,NUMBER,13,M,5467
2019,NUMBER,14,M,5615
2019,NUMBER,15,M,5626
2019,NUMBER,16,M,5638
2019,NUMBER,17,M,5865
2019,NUMBER,18,M,6003
2019,NUMBER,19,M,6018
2019,NUMBER,20,M,6355
2019,NUMBER,21,M,7042
2019,NUMBER,22,M,7344
2019,NUMBER,23,M,7293
2019,NUMBER,24,M,7305
2019,NUMBER,25,M,6704
2019,NUMBER,26,M,6207
2019,NUMBER,27,M,6739
2019,NUMBER,28,M,7138
2019,NUMBER,29,M,7083
2019,NUMBER,30,M,7359
2019,NUMBER,31,M,7592
2019,NUMBER,32,M,7578
2019,NUMBER,33,M,7743
2019,NUMBER,34,M,8086
2019,NUMBER,35,M,8252
2019,NUMBER,36,M,8231
2019,NUMBER,37,M,8167
2019,NUMBER,38,M,8137
2019,NUMBER,39,M,8074
2019,NUMBER,40,M,8117
2019,NUMBER,41,M,8201
2019,NUMBER,42,M,8308
2019,NUMBER,43,M,8259
2019,NUMBER,44,M,8022
2019,NUMBER,45,M,7927
2019,NUMBER,46,M,7911
2019,NUMBER,47,M,7823
2019,NUMBER,48,M,7431
2019,NUMBER,49,M,7418
2019,NUMBER,50,M,7623
2019,NUMBER,51,M,7757
2019,NUMBER,52,M,8020
2019,NUMBER,53,M,8306
2019,NUMBER,54,M,8300
2019,NUMBER,55,M,8141
2019,NUMBER,56,M,8382
2019,NUMBER,57,M,8577
2019,NUMBER,58,M,8633
2019,NUMBER,59,M,8576
2019,NUMBER,60,M,8558
2019,NUMBER,61,M,8236
2019,NUMBER,62,M,8191
2019,NUMBER,63,M,8433
2019,NUMBER,64,M,8620
2019,NUMBER,65,M,8443
2019,NUMBER,66,M,8102
2019,NUMBER,67,M,7399
2019,NUMBER,68,M,6743
2019,NUMBER,69,M,6777
2019,NUMBER,70,M,6209
2019,NUMBER,71,M,5602
2019,NUMBER,72,M,5189
2019,NUMBER,73,M,4214
2019,NUMBER,74,M,3428
2019,NUMBER,75,M,3341
2019,NUMBER,76,M,3309
2019,NUMBER,77,M,3423
2019,NUMBER,78,M,3611
2019,NUMBER,79,M,3496
2019,NUMBER,80,M,3179
2019,NUMBER,81,M,2899
2019,NUMBER,82,M,2565
2019,NUMBER,83,M,2124
2019,NUMBER,84,M,1727
2019,NUMBER,85,M,1443
2019,NUMBER,86,M,1161
2019,NUMBER,87,M,885
2019,NUMBER,88,M,728
2019,NUMBER,89,M,565
2019,NUMBER,90 +,M,1229
2019,NUMBER,_T,F,584402
2019,NUMBER,0,F,4456
2019,NUMBER,1,F,4513
2019,NUMBER,2,F,4501
2019,NUMBER,3,F,4517
2019,NUMBER,4,F,4503
2019,NUMBER,5,F,4586
2019,NUMBER,6,F,4933
2019,NUMBER,7,F,5139
2019,NUMBER,8,F,5217
2019,NUMBER,9,F,5397
2019,NUMBER,10,F,5400
2019,NUMBER,11,F,5344
2019,NUMBER,12,F,5270
2019,NUMBER,13,F,5233
2019,NUMBER,14,F,5216
2019,NUMBER,15,F,5278
2019,NUMBER,16,F,5366
2019,NUMBER,17,F,5474
2019,NUMBER,18,F,5675
2019,NUMBER,19,F,5824
2019,NUMBER,20,F,6064
2019,NUMBER,21,F,6629
2019,NUMBER,22,F,6947
2019,NUMBER,23,F,7039
2019,NUMBER,24,F,6940
2019,NUMBER,25,F,6101
2019,NUMBER,26,F,5589
2019,NUMBER,27,F,6170
2019,NUMBER,28,F,6622
2019,NUMBER,29,F,6695
2019,NUMBER,30,F,6979
2019,NUMBER,31,F,7246
2019,NUMBER,32,F,7423
2019,NUMBER,33,F,7549
2019,NUMBER,34,F,7685
2019,NUMBER,35,F,7865
2019,NUMBER,36,F,7986
2019,NUMBER,37,F,7996
2019,NUMBER,38,F,7961
2019,NUMBER,39,F,7905
2019,NUMBER,40,F,7812
2019,NUMBER,41,F,7856
2019,NUMBER,42,F,8052
2019,NUMBER,43,F,7964
2019,NUMBER,44,F,7651
2019,NUMBER,45,F,7548
2019,NUMBER,46,F,7585
2019,NUMBER,47,F,7504
2019,NUMBER,48,F,7227
2019,NUMBER,49,F,7161
2019,NUMBER,50,F,7467
2019,NUMBER,51,F,7786
2019,NUMBER,52,F,8102
2019,NUMBER,53,F,8452
2019,NUMBER,54,F,8484
2019,NUMBER,55,F,8552
2019,NUMBER,56,F,8934
2019,NUMBER,57,F,9097
2019,NUMBER,58,F,9160
2019,NUMBER,59,F,9248
2019,NUMBER,60,F,9426
2019,NUMBER,61,F,9132
2019,NUMBER,62,F,9127
2019,NUMBER,63,F,9495
2019,NUMBER,64,F,9708
2019,NUMBER,65,F,9573
2019,NUMBER,66,F,9379
2019,NUMBER,67,F,8705
2019,NUMBER,68,F,8098
2019,NUMBER,69,F,8266
2019,NUMBER,70,F,7716
2019,NUMBER,71,F,7219
2019,NUMBER,72,F,6767
2019,NUMBER,73,F,5604
2019,NUMBER,74,F,4675
2019,NUMBER,75,F,4720
2019,NUMBER,76,F,4791
2019,NUMBER,77,F,4969
2019,NUMBER,78,F,5409
2019,NUMBER,79,F,5401
2019,NUMBER,80,F,4977
2019,NUMBER,81,F,4573
2019,NUMBER,82,F,4102
2019,NUMBER,83,F,3556
2019,NUMBER,84,F,3043
2019,NUMBER,85,F,2617
2019,NUMBER,86,F,2107
2019,NUMBER,87,F,1608
2019,NUMBER,88,F,1336
2019,NUMBER,89,F,1053
2019,NUMBER,90 +,F,2375
2020,NUMBER,_T,_T,1136274
2020,NUMBER,0,_T,9194
2020,NUMBER,1,_T,9402
2020,NUMBER,2,_T,9430
2020,NUMBER,3,_T,9361
2020,NUMBER,4,_T,9379
2020,NUMBER,5,_T,9410
2020,NUMBER,6,_T,9528
2020,NUMBER,7,_T,10085
2020,NUMBER,8,_T,10475
2020,NUMBER,9,_T,10642
2020,NUMBER,10,_T,11127
2020,NUMBER,11,_T,11207
2020,NUMBER,12,_T,10909
2020,NUMBER,13,_T,10683
2020,NUMBER,14,_T,10698
2020,NUMBER,15,_T,10826
2020,NUMBER,16,_T,10898
2020,NUMBER,17,_T,11001
2020,NUMBER,18,_T,11322
2020,NUMBER,19,_T,11675
2020,NUMBER,20,_T,11845
2020,NUMBER,21,_T,12431
2020,NUMBER,22,_T,13671
2020,NUMBER,23,_T,14271
2020,NUMBER,24,_T,14322
2020,NUMBER,25,_T,14239
2020,NUMBER,26,_T,12795
2020,NUMBER,27,_T,11793
2020,NUMBER,28,_T,12916
2020,NUMBER,29,_T,13769
2020,NUMBER,30,_T,13790
2020,NUMBER,31,_T,14319
2020,NUMBER,32,_T,14839
2020,NUMBER,33,_T,14991
2020,NUMBER,34,_T,15307
2020,NUMBER,35,_T,15770
2020,NUMBER,36,_T,16094
2020,NUMBER,37,_T,16212
2020,NUMBER,38,_T,16151
2020,NUMBER,39,_T,16090
2020,NUMBER,40,_T,15976
2020,NUMBER,41,_T,15914
2020,NUMBER,42,_T,16038
2020,NUMBER,43,_T,16318
2020,NUMBER,44,_T,16195
2020,NUMBER,45,_T,15656
2020,NUMBER,46,_T,15435
2020,NUMBER,47,_T,15454
2020,NUMBER,48,_T,15286
2020,NUMBER,49,_T,14612
2020,NUMBER,50,_T,14528
2020,NUMBER,51,_T,15029
2020,NUMBER,52,_T,15463
2020,NUMBER,53,_T,16032
2020,NUMBER,54,_T,16652
2020,NUMBER,55,_T,16684
2020,NUMBER,56,_T,16564
2020,NUMBER,57,_T,17179
2020,NUMBER,58,_T,17522
2020,NUMBER,59,_T,17617
2020,NUMBER,60,_T,17645
2020,NUMBER,61,_T,17753
2020,NUMBER,62,_T,17154
2020,NUMBER,63,_T,17084
2020,NUMBER,64,_T,17645
2020,NUMBER,65,_T,18029
2020,NUMBER,66,_T,17717
2020,NUMBER,67,_T,17132
2020,NUMBER,68,_T,15759
2020,NUMBER,69,_T,14514
2020,NUMBER,70,_T,14650
2020,NUMBER,71,_T,13554
2020,NUMBER,72,_T,12408
2020,NUMBER,73,_T,11573
2020,NUMBER,74,_T,9450
2020,NUMBER,75,_T,7782
2020,NUMBER,76,_T,7688
2020,NUMBER,77,_T,7710
2020,NUMBER,78,_T,7901
2020,NUMBER,79,_T,8437
2020,NUMBER,80,_T,8250
2020,NUMBER,81,_T,7494
2020,NUMBER,82,_T,6771
2020,NUMBER,83,_T,5963
2020,NUMBER,84,_T,5003
2020,NUMBER,85,_T,4175
2020,NUMBER,86,_T,3483
2020,NUMBER,87,_T,2760
2020,NUMBER,88,_T,2054
2020,NUMBER,89,_T,1693
2020,NUMBER,90 +,_T,4022
2020,NUMBER,_T,M,557422
2020,NUMBER,0,M,4842
2020,NUMBER,1,M,4961
2020,NUMBER,2,M,4929
2020,NUMBER,3,M,4871
2020,NUMBER,4,M,4876
2020,NUMBER,5,M,4920
2020,NUMBER,6,M,4973
2020,NUMBER,7,M,5166
2020,NUMBER,8,M,5353
2020,NUMBER,9,M,5442
2020,NUMBER,10,M,5747
2020,NUMBER,11,M,5813
2020,NUMBER,12,M,5575
2020,NUMBER,13,M,5424
2020,NUMBER,14,M,5475
2020,NUMBER,15,M,5626
2020,NUMBER,16,M,5629
2020,NUMBER,17,M,5650
2020,NUMBER,18,M,5921
2020,NUMBER,19,M,6055
2020,NUMBER,20,M,6070
2020,NUMBER,21,M,6412
2020,NUMBER,22,M,7103
2020,NUMBER,23,M,7413
2020,NUMBER,24,M,7375
2020,NUMBER,25,M,7407
2020,NUMBER,26,M,6814
2020,NUMBER,27,M,6278
2020,NUMBER,28,M,6819
2020,NUMBER,29,M,7225
2020,NUMBER,30,M,7156
2020,NUMBER,31,M,7410
2020,NUMBER,32,M,7652
2020,NUMBER,33,M,7616
2020,NUMBER,34,M,7797
2020,NUMBER,35,M,8123
2020,NUMBER,36,M,8284
2020,NUMBER,37,M,8272
2020,NUMBER,38,M,8193
2020,NUMBER,39,M,8171
2020,NUMBER,40,M,8111
2020,NUMBER,41,M,8147
2020,NUMBER,42,M,8218
2020,NUMBER,43,M,8302
2020,NUMBER,44,M,8263
2020,NUMBER,45,M,8047
2020,NUMBER,46,M,7912
2020,NUMBER,47,M,7898
2020,NUMBER,48,M,7810
2020,NUMBER,49,M,7416
2020,NUMBER,50,M,7406
2020,NUMBER,51,M,7593
2020,NUMBER,52,M,7717
2020,NUMBER,53,M,7971
2020,NUMBER,54,M,8263
2020,NUMBER,55,M,8246
2020,NUMBER,56,M,8066
2020,NUMBER,57,M,8310
2020,NUMBER,58,M,8501
2020,NUMBER,59,M,8530
2020,NUMBER,60,M,8463
2020,NUMBER,61,M,8418
2020,NUMBER,62,M,8102
2020,NUMBER,63,M,8047
2020,NUMBER,64,M,8280
2020,NUMBER,65,M,8439
2020,NUMBER,66,M,8261
2020,NUMBER,67,M,7884
2020,NUMBER,68,M,7187
2020,NUMBER,69,M,6551
2020,NUMBER,70,M,6554
2020,NUMBER,71,M,5997
2020,NUMBER,72,M,5356
2020,NUMBER,73,M,4976
2020,NUMBER,74,M,4007
2020,NUMBER,75,M,3273
2020,NUMBER,76,M,3137
2020,NUMBER,77,M,3129
2020,NUMBER,78,M,3188
2020,NUMBER,79,M,3335
2020,NUMBER,80,M,3206
2020,NUMBER,81,M,2890
2020,NUMBER,82,M,2621
2020,NUMBER,83,M,2263
2020,NUMBER,84,M,1863
2020,NUMBER,85,M,1507
2020,NUMBER,86,M,1232
2020,NUMBER,87,M,966
2020,NUMBER,88,M,721
2020,NUMBER,89,M,593
2020,NUMBER,90 +,M,1411
2020,NUMBER,_T,F,578852
2020,NUMBER,0,F,4352
2020,NUMBER,1,F,4441
2020,NUMBER,2,F,4501
2020,NUMBER,3,F,4490
2020,NUMBER,4,F,4503
2020,NUMBER,5,F,4490
2020,NUMBER,6,F,4555
2020,NUMBER,7,F,4919
2020,NUMBER,8,F,5122
2020,NUMBER,9,F,5200
2020,NUMBER,10,F,5380
2020,NUMBER,11,F,5394
2020,NUMBER,12,F,5334
2020,NUMBER,13,F,5259
2020,NUMBER,14,F,5223
2020,NUMBER,15,F,5200
2020,NUMBER,16,F,5269
2020,NUMBER,17,F,5351
2020,NUMBER,18,F,5401
2020,NUMBER,19,F,5620
2020,NUMBER,20,F,5775
2020,NUMBER,21,F,6019
2020,NUMBER,22,F,6568
2020,NUMBER,23,F,6858
2020,NUMBER,24,F,6947
2020,NUMBER,25,F,6832
2020,NUMBER,26,F,5981
2020,NUMBER,27,F,5515
2020,NUMBER,28,F,6097
2020,NUMBER,29,F,6544
2020,NUMBER,30,F,6634
2020,NUMBER,31,F,6909
2020,NUMBER,32,F,7187
2020,NUMBER,33,F,7375
2020,NUMBER,34,F,7510
2020,NUMBER,35,F,7647
2020,NUMBER,36,F,7810
2020,NUMBER,37,F,7940
2020,NUMBER,38,F,7958
2020,NUMBER,39,F,7919
2020,NUMBER,40,F,7865
2020,NUMBER,41,F,7767
2020,NUMBER,42,F,7820
2020,NUMBER,43,F,8016
2020,NUMBER,44,F,7932
2020,NUMBER,45,F,7609
2020,NUMBER,46,F,7523
2020,NUMBER,47,F,7556
2020,NUMBER,48,F,7476
2020,NUMBER,49,F,7196
2020,NUMBER,50,F,7122
2020,NUMBER,51,F,7436
2020,NUMBER,52,F,7746
2020,NUMBER,53,F,8061
2020,NUMBER,54,F,8389
2020,NUMBER,55,F,8438
2020,NUMBER,56,F,8498
2020,NUMBER,57,F,8869
2020,NUMBER,58,F,9021
2020,NUMBER,59,F,9087
2020,NUMBER,60,F,9182
2020,NUMBER,61,F,9335
2020,NUMBER,62,F,9052
2020,NUMBER,63,F,9037
2020,NUMBER,64,F,9365
2020,NUMBER,65,F,9590
2020,NUMBER,66,F,9456
2020,NUMBER,67,F,9248
2020,NUMBER,68,F,8572
2020,NUMBER,69,F,7963
2020,NUMBER,70,F,8096
2020,NUMBER,71,F,7557
2020,NUMBER,72,F,7052
2020,NUMBER,73,F,6597
2020,NUMBER,74,F,5443
2020,NUMBER,75,F,4509
2020,NUMBER,76,F,4551
2020,NUMBER,77,F,4581
2020,NUMBER,78,F,4713
2020,NUMBER,79,F,5102
2020,NUMBER,80,F,5044
2020,NUMBER,81,F,4604
2020,NUMBER,82,F,4150
2020,NUMBER,83,F,3700
2020,NUMBER,84,F,3140
2020,NUMBER,85,F,2668
2020,NUMBER,86,F,2251
2020,NUMBER,87,F,1794
2020,NUMBER,88,F,1333
2020,NUMBER,89,F,1100
2020,NUMBER,90 +,F,2611